#Title, #runnumber: 12 petrale_data.ss petrale_control.ss 647.723 22.9065 7.68553 StartTime: Mon Jul 10 16:48:28 2023
SSv3_default_rebuild.dat
# Number of sexes
2
# Age range to consider (minimum age; maximum age)
0 40
# Number of fleets
2
# First year of projection (Yinit)
2015
# First Year of rebuilding period (Ydecl)
2013
# Number of simulations
1000
# Maximum number of years
500
# Conduct projections with multiple starting values (0=No;else yes)
0
# Number of parameter vectors
1000
# Is the maximum age a plus-group (1=Yes;2=No)
1
# Generate future recruitments using historical recruitments (1)  historical recruits/spawner (2)  or a stock-recruitment (3)
3
# Constant fishing mortality (1) or constant Catch (2) projections
1
# Fishing mortality based on SPR (1) or actual rate (2)
1
# Pre-specify the year of recovery (or -1) to ignore
-1
# Fecundity-at-age
# 0 1 2 3 4 5 6 7 8 9 10 11 12 13 14 15 16 17 18 19 20 21 22 23 24 25 26 27 28 29 30 31 32 33 34 35 36 37 38 39 40 #runnumber: 12 petrale_data.ss petrale_control.ss 647.723 22.9065 7.68553
 0 0 0 2.34337e-07 6.7895e-06 5.41665e-05 0.000173396 0.000338953 0.000514454 0.000681685 0.000834535 0.000971472 0.00109252 0.00119837 0.00129006 0.00136882 0.00143602 0.00149302 0.00153977 0.00157903 0.00161189 0.00163932 0.00166217 0.00168116 0.00169693 0.00171 0.00172082 0.00172978 0.00173719 0.00174331 0.00174836 0.00175253 0.00175598 0.00175882 0.00176117 0.0017631 0.0017647 0.00176601 0.0017671 0.00176799 0.00176912 #female fecundity; weighted by N in year Y_init across morphs and areas
# Age specific selectivity and weight adjusted for discard and discard mortality
 #wt and selex for gender,fleet: 1 1 North
 0.00135476 0.0190617 0.0834249 0.193517 0.337704 0.499511 0.664879 0.823988 0.970966 1.10294 1.21907 1.31977 1.40616 1.47968 1.54186 1.59421 1.63811 1.67339 1.70156 1.72505 1.74459 1.76083 1.7743 1.78546 1.7947 1.80235 1.80867 1.81389 1.8182 1.82176 1.82469 1.82712 1.82912 1.83076 1.83212 1.83324 1.83417 1.83493 1.83556 1.83608 1.83673
 0 3.60916e-05 0.000579175 0.00427743 0.0172298 0.0457654 0.0913391 0.149689 0.213937 0.277791 0.337019 0.389474 0.434533 0.472482 0.504045 0.530097 0.551506 0.569078 0.583535 0.595418 0.605181 0.613202 0.619793 0.625211 0.629664 0.633327 0.63634 0.638819 0.640859 0.642538 0.643921 0.64506 0.645997 0.64677 0.647406 0.64793 0.648362 0.648718 0.649011 0.649252 0.649556
 #wt and selex for gender,fleet: 1 2 South
 0.00135476 0.0204085 0.0889151 0.202352 0.346399 0.50323 0.659115 0.805486 0.938094 1.05571 1.15877 1.24837 1.32578 1.39225 1.44903 1.49727 1.53806 1.57144 1.5986 1.62137 1.64039 1.65624 1.66944 1.68039 1.68948 1.69701 1.70324 1.7084 1.71266 1.71618 1.71909 1.72149 1.72347 1.7251 1.72645 1.72756 1.72848 1.72923 1.72985 1.73037 1.73102
 0 2.93038e-05 0.000827277 0.00818197 0.0372868 0.101898 0.199007 0.311611 0.421735 0.518267 0.597375 0.659757 0.708009 0.745067 0.773532 0.795489 0.812529 0.826218 0.837359 0.846217 0.853293 0.858973 0.863549 0.86725 0.870252 0.872693 0.874683 0.876307 0.877636 0.878724 0.879615 0.880347 0.880948 0.881442 0.881847 0.882181 0.882456 0.882682 0.882868 0.883021 0.883214
 #wt and selex for gender,fleet: 2 1 North
 0.00158897 0.0309947 0.106606 0.20249 0.301266 0.391659 0.469419 0.534473 0.588528 0.633415 0.670579 0.701159 0.726127 0.746356 0.762632 0.775651 0.786014 0.794056 0.800263 0.805163 0.809023 0.812058 0.814442 0.816313 0.817779 0.818928 0.819828 0.820532 0.821083 0.821514 0.821852 0.822115 0.822322 0.822483 0.822609 0.822708 0.822785 0.822845 0.822892 0.822929 0.822969
 0 7.46113e-09 1.37587e-05 0.00143579 0.0200792 0.0910643 0.218665 0.365574 0.496898 0.599575 0.674922 0.728901 0.767438 0.79513 0.815237 0.830003 0.840965 0.849396 0.855964 0.860968 0.864801 0.867748 0.870022 0.871781 0.873145 0.874205 0.875029 0.875671 0.876171 0.876561 0.876866 0.877103 0.877289 0.877434 0.877547 0.877635 0.877704 0.877758 0.8778 0.877833 0.877869
 #wt and selex for gender,fleet: 2 2 South
 0.00158897 0.0247784 0.125367 0.213217 0.292157 0.359561 0.420496 0.477908 0.53111 0.578585 0.619493 0.653823 0.682091 0.705056 0.723535 0.738299 0.750034 0.759236 0.766425 0.77209 0.776547 0.780048 0.782795 0.784949 0.786637 0.787958 0.788993 0.789802 0.790435 0.790931 0.791318 0.791621 0.791858 0.792043 0.792188 0.792302 0.79239 0.792459 0.792513 0.792556 0.792602
 0 4.51221e-09 1.88649e-05 0.00566584 0.088152 0.31989 0.577192 0.75546 0.856781 0.911362 0.94118 0.958156 0.968301 0.974655 0.978805 0.981611 0.983567 0.985057 0.986217 0.987069 0.987704 0.988181 0.988543 0.988819 0.989031 0.989194 0.98932 0.989418 0.989494 0.989553 0.989599 0.989635 0.989662 0.989684 0.989701 0.989714 0.989725 0.989733 0.989739 0.989744 0.989749
# M and current age-structure in year Yinit: 2015
 # gender = 1
 0.141813 0.141813 0.141813 0.141813 0.141813 0.141813 0.141813 0.141813 0.141813 0.141813 0.141813 0.141813 0.141813 0.141813 0.141813 0.141813 0.141813 0.141813 0.141813 0.141813 0.141813 0.141813 0.141813 0.141813 0.141813 0.141813 0.141813 0.141813 0.141813 0.141813 0.141813 0.141813 0.141813 0.141813 0.141813 0.141813 0.141813 0.141813 0.141813 0.141813 0.141813
 6916.02 5959.28 3509.79 6360.92 3193.15 2475.32 2601.23 4935.71 3690.31 2972.98 1124.04 616.625 332.962 213.416 120.248 70.3028 49.8626 38.001 9.33741 3.95302 2.29691 1.01264 0.648432 0.136397 0.0832035 0.0441226 0.0188057 0.00710851 0.00210157 0.000534683 0.000303373 0.000162295 5.14654e-05 9.4842e-06 2.67339e-06 9.2073e-07 2.35922e-07 4.94468e-08 2.18933e-08 1.04268e-08 3.94575e-09
 # gender = 2
 0.154788 0.154788 0.154788 0.154788 0.154788 0.154788 0.154788 0.154788 0.154788 0.154788 0.154788 0.154788 0.154788 0.154788 0.154788 0.154788 0.154788 0.154788 0.154788 0.154788 0.154788 0.154788 0.154788 0.154788 0.154788 0.154788 0.154788 0.154788 0.154788 0.154788 0.154788 0.154788 0.154788 0.154788 0.154788 0.154788 0.154788 0.154788 0.154788 0.154788 0.154788
 6916.02 5882.46 3420.03 6121.29 3038.05 2311.93 2325.62 4098.39 2792.45 2028.44 673.792 305.016 126.088 59.2126 24.2301 10.4307 5.59479 3.26155 0.612101 0.199504 0.0915604 0.0330162 0.0174263 0.00295053 0.0014371 0.000618528 0.000215552 6.58678e-05 1.5502e-05 3.0516e-06 1.27788e-06 4.76823e-07 1.00111e-07 1.19236e-08 2.23965e-09 5.5547e-10 1.11299e-10 1.96646e-11 7.8366e-12 3.48842e-12 1.23382e-12
# Age-structure at Ydeclare= 2013
 4660.97 8451.46 4255.67 3334.22 3587.76 7073.36 5555.12 4722.37 1881.95 1083.07 609.69 404.749 234.776 140.568 101.65 78.6991 19.5871 8.37982 4.91116 2.18046 1.40426 0.296777 0.181734 0.0966777 0.0413123 0.0156491 0.00463463 0.00118083 0.000670784 0.000359196 0.000113996 2.10213e-05 5.92864e-06 2.04277e-06 5.23618e-07 1.09778e-07 4.86178e-08 2.31593e-08 6.17893e-09 1.6871e-09 9.00007e-10
 4660.97 8342.52 4146.79 3208.19 3412.16 6624.25 5041.16 4041.48 1449.37 693.52 298.083 143.853 60.007 26.1883 14.1867 8.3306 1.57196 0.514514 0.236898 0.0856357 0.0452851 0.0076786 0.00374418 0.00161289 0.000562459 0.000171965 4.04882e-05 7.97274e-06 3.33947e-06 1.24632e-06 2.61709e-07 3.11741e-08 5.85607e-09 1.45251e-09 2.91054e-10 5.14265e-11 2.04948e-11 9.12338e-12 2.31438e-12 6.07058e-13 3.05515e-13
# Year for Tmin Age-structure (set to Ydecl by SS)
2013
#  recruitment and biomass
# Number of historical assessment years
148
# Historical data
# year recruitment spawner in B0 in R project in R/S project
1875  1876 1877 1878 1879 1880 1881 1882 1883 1884 1885 1886 1887 1888 1889 1890 1891 1892 1893 1894 1895 1896 1897 1898 1899 1900 1901 1902 1903 1904 1905 1906 1907 1908 1909 1910 1911 1912 1913 1914 1915 1916 1917 1918 1919 1920 1921 1922 1923 1924 1925 1926 1927 1928 1929 1930 1931 1932 1933 1934 1935 1936 1937 1938 1939 1940 1941 1942 1943 1944 1945 1946 1947 1948 1949 1950 1951 1952 1953 1954 1955 1956 1957 1958 1959 1960 1961 1962 1963 1964 1965 1966 1967 1968 1969 1970 1971 1972 1973 1974 1975 1976 1977 1978 1979 1980 1981 1982 1983 1984 1985 1986 1987 1988 1989 1990 1991 1992 1993 1994 1995 1996 1997 1998 1999 2000 2001 2002 2003 2004 2005 2006 2007 2008 2009 2010 2011 2012 2013 2014 2015 2016 2017 2018 2019 2020 2021 2022 #years (with first value representing R0)
15357.1 15361.6 15361.6 15361.7 15361.7 15361.7 15361.5 15361.1 15360.5 15359.7 15358.8 15357.6 15356.4 15355 15353.5 15351.8 15350.1 15348.4 15346.5 15344.6 15342.7 15340.7 15338.7 15336.7 15334.7 15332.7 15330.7 15328.8 15326.9 15325 15323.2 15321.5 15319.9 15318.3 15317 15315.7 15314.7 15313.8 15313.2 15312.8 15312.7 15312.9 15313.5 15311.1 15312.2 15316.7 15324.7 15331.8 15336.2 15341.7 15345.6 15351.5 15359.7 15367.7 15380.2 15395.5 15418.9 15451.2 15494.4 15548.2 15574.6 15556.9 15461.8 15202.6 14720.6 13999.7 13171.1 12459.4 12106.8 12336.4 12913.4 12979.1 12674.6 12436.5 12317.1 12456.1 12547 12374.7 12038.6 11807.5 11364.4 10780.4 10706.8 12014.3 16336.5 20132.1 13991.5 11737.5 12793.3 12355.8 39515.1 20380.4 8966.11 7097.76 7256.39 8670.81 9975.57 8751.57 8176.27 9548.98 11856.2 14320.3 9265.01 6209.08 8569.64 9579.45 7992.4 8286.28 13627.6 13623.3 8540.05 5348.17 7874.61 10444.9 11261 11110.2 9038.43 6543.57 14053.3 10109.8 10712.2 8710.77 9858.92 19615.8 12933.8 9498.17 8859.53 9081.4 8755.72 10768.6 13947.6 27709.5 26928 29078.9 12688.3 10208.6 11302.9 19478.3 9321.94 13734.5 13832 9356.73 8356.41 9426.22 11209 11693.6 13307.3 13890.3  #recruits; first value is R0 (virgin)
22.9065  22.9066 22.906 22.9055 22.9051 22.9046 22.8985 22.887 22.8704 22.8491 22.8234 22.7938 22.7605 22.7238 22.6842 22.642 22.5973 22.5504 22.5016 22.4511 22.399 22.3456 22.2908 22.235 22.1782 22.1205 22.0621 22.0029 21.9432 21.8829 21.8221 21.7609 21.6993 21.6373 21.5751 21.5126 21.4498 21.3869 21.3238 21.2606 21.1972 21.1338 21.0731 20.9416 20.8748 20.8638 20.9131 20.9289 20.8745 20.8221 20.7158 20.6181 20.5309 20.391 20.2676 20.1071 19.9848 19.8857 19.823 19.8364 19.4782 19.2491 19.2336 19.0272 18.7788 18.35 18.0895 17.9482 17.3647 16.7353 16.4772 16.252 15.3322 14.6529 12.9136 11.7966 10.568 10.0084 9.57994 9.30464 8.76385 8.37741 8.24526 7.76784 7.46145 7.36753 7.14941 6.72714 6.26109 5.87371 5.92514 6.16454 6.36447 6.55288 6.73589 7.08583 7.5971 8.09283 8.26562 7.98398 7.04523 5.96122 5.14137 4.55311 3.616 2.78977 2.38383 2.2642 1.91094 1.72644 1.65732 1.56481 1.51959 1.38142 1.38704 1.43309 1.48714 1.34248 1.30432 1.39295 1.63716 1.82761 1.90441 1.89278 2.10472 2.36426 2.47256 2.56355 2.72353 2.9417 3.25913 3.18944 2.98249 2.79806 2.59987 2.65389 3.42258 4.6707 6.29946 7.69825 8.77026 9.31646 9.50676 9.39964 9.17334 8.97281 8.9373 8.41671 #spbio; first value is SSB_virgin (virgin)
1 0 0 0 0 0 0 0 0 0 0 0 0 0 0 0 0 0 0 0 0 0 0 0 0 0 0 0 0 0 0 0 0 0 0 0 0 0 0 0 0 0 0 0 0 0 0 0 0 0 0 0 0 0 0 0 0 0 0 0 0 0 0 0 0 0 0 0 0 0 0 0 0 0 0 0 0 0 0 0 0 0 0 0 0 0 0 0 0 0 0 0 0 0 0 0 0 0 0 0 0 0 0 0 0 0 0 0 0 0 0 0 0 0 0 0 0 0 0 0 0 0 0 0 0 0 0 0 0 0 0 0 0 0 0 0 0 0 0 0 0 0 0 0 0 0 0 0  # in Bzero
0 1 1 1 1 1 1 1 1 1 1 1 1 1 1 1 1 1 1 1 1 1 1 1 1 1 1 1 1 1 1 1 1 1 1 1 1 1 1 1 1 1 1 1 1 1 1 1 1 1 1 1 1 1 1 1 1 1 1 1 1 1 1 1 1 1 1 1 1 1 1 1 1 1 1 1 1 1 1 1 1 1 1 1 1 1 1 1 1 1 1 1 1 1 1 1 1 1 1 1 1 1 1 1 1 1 1 1 1 1 1 1 1 1 1 1 1 1 1 1 1 1 1 1 1 1 1 1 1 1 1 1 1 1 1 1 1 1 1 1 1 1 1 1 1  0 0 0 # in R project
0 1 1 1 1 1 1 1 1 1 1 1 1 1 1 1 1 1 1 1 1 1 1 1 1 1 1 1 1 1 1 1 1 1 1 1 1 1 1 1 1 1 1 1 1 1 1 1 1 1 1 1 1 1 1 1 1 1 1 1 1 1 1 1 1 1 1 1 1 1 1 1 1 1 1 1 1 1 1 1 1 1 1 1 1 1 1 1 1 1 1 1 1 1 1 1 1 1 1 1 1 1 1 1 1 1 1 1 1 1 1 1 1 1 1 1 1 1 1 1 1 1 1 1 1 1 1 1 1 1 1 1 1 1 1 1 1 1 1 1 1 1 1 1 1  0 0 0 # in R/S project
# Number of years with pre-specified catches
0
# catches for years with pre-specified catches go next
# Number of future recruitments to override
2
# Process for overiding (-1 for average otherwise index in data list)
2014 1 2014
2015 1 2015
# Which probability to product detailed results for (1=0.5; 2=0.6; etc.)
3
# Steepness sigma-R Auto-correlation
0.8 0.5 0
# Target SPR rate (FMSY Proxy); manually change to SPR_MSY if not using SPR_target
0.3
# Discount rate (for cumulative catch)
0.1
# Truncate the series when 0.4B0 is reached (1=Yes)
0
# Set F to FMSY once 0.4B0 is reached (1=Yes)
0
# Maximum possible F for projection (-1 to set to FMSY)
-1
# Defintion of recovery (1=now only;2=now or before)
2
# Projection type
4
# Definition of the 40-10 rule
10 40
# Sigma Assessment Error (Base, Year1, Slope, MaxSigma)
1.0 2023 0.075 2.0
# Pstar
0.45
# Constrain catches by the ABC (1=yes, 2=no)
2
# Implementation Error (0=no; 1=lognormal; 2=uniform)
0
#Parameters of Implementaion Error
1 0.3
# Calculate coefficients of variation (1=Yes)
0
# Number of replicates to use
10
# Random number seed
-99004
# File with multiple parameter vectors 
rebuild.SSO
# User-specific projection (1=Yes); Output replaced (1->9)
0  5
# Catches and Fs (Year; 1/2/3 (F or C or SPR); value); Final row is -1
2022 1 1
-1 -1 -1
# Fixed catch project (1=Yes); Output replaced (1->9); Approach (-1=Read in else 1-9)
0 2 -1
# (48a) Special catch options (1-Yes) [CUT_OFF, Emsy, distribution, MAXCAT, Add, replace_code]
0 0.18 1.00 1.00 0 6
# (48b) B1Target
150000
# Split of Fs
2015  0.44562
 0.55438
-1  1 1 1 1
# Yrs to define T_target for projection type 4 (a.k.a. 5 pre-specified inputs)
2028 2029 2030 2031 2032 
# Year for probability of recovery
2032 2033 2034 2035 2036 2037 2038 2039
# Time varying weight-at-age (1=Yes;0=No)
0
# File with time series of weight-at-age data
none
# Use bisection (0) or linear interpolation (1)
1
# Target Depletion
0.4
# CV of implementation error
0
